RandomZeroToFive
100 21321
200 80140
300 177458
400 314454
500 476593
600 674507
700 901968
800 1169449
900 1472249
1000 1844469
1100 2247376
1200 2652518
1300 3094845
1400 3557164
1500 4012628
1600 4544913
1700 5088397
1800 5711177
1900 6349926
2000 7067149
2100 7814273
2200 8544762
2300 9348676
2400 10181741
2500 11030397
2600 11856778
2700 12776270
2800 13633641
2900 14561332
3000 15589352
3100 16718463
3200 17823319
3300 18912422
3400 20126610
3500 21448540
3600 22633826
3700 23927220
3800 25222390
3900 26571014
4000 28080837
4100 29397736
RandomZeroToFourThousand
100 20076
200 73540
300 156563
400 276276
500 425086
600 592472
700 799764
800 1046806
900 1305065
1000 1609908
1100 1959127
1200 2314421
1300 2706834
1400 3151474
1500 3605699
1600 4150203
1700 4627876
1800 5188757
1900 5766858
2000 6334978
2100 7031192
2200 7726008
2300 8438998
2400 9083972
2500 9844200
2600 10625371
2700 11456057
2800 12304455
2900 13143244
3000 14076473
3100 15046452
3200 15931477
3300 16904387
3400 17820843
3500 18836683
3600 19811630
3700 20908872
3800 22223119
3900 23407805
4000 24601275
4100 25816744
RandomAlmostSorted
100 6804
200 15301
300 24533
400 34170
500 43828
600 54245
700 64770
800 75244
900 85856
1000 96438
1100 107641
1200 119078
1300 130500
1400 141883
1500 153281
1600 164874
1700 176470
1800 188018
1900 199524
2000 211072
2100 223061
2200 235410
2300 247672
2400 259949
2500 272337
2600 284695
2700 297014
2800 309345
2900 321634
3000 333926
3100 346305
3200 358729
3300 371195
3400 383661
3500 396127
3600 408509
3700 420849
3800 433315
3900 445679
4000 458115
4100 470665
RandomReverseOrder
100 35307
200 132364
300 290069
400 508269
500 786469
600 1125470
700 1524570
800 1983670
900 2502770
1000 3081870
1100 3721663
1200 4421663
1300 5181663
1400 6001663
1500 6881663
1600 7821663
1700 8821663
1800 9881663
1900 11001663
2000 12181663
2100 13422140
2200 14723040
2300 16083940
2400 17504840
2500 18985740
2600 20526640
2700 22127540
2800 23788440
2900 25509340
3000 27290240
3100 29131140
3200 31032040
3300 32992940
3400 35013840
3500 37094740
3600 39235640
3700 41436540
3800 43697440
3900 46018340
4000 48399240
4100 50840185
