RandomZeroToFive
100 33806
200 154531
300 350355
400 624345
500 982593
600 1395396
700 1923506
800 2495422
900 3166367
1000 3919759
1100 4790556
1200 5686707
1300 6645971
1400 7693779
1500 8804263
1600 10027166
1700 11287956
1800 12679144
1900 14111740
2000 15673685
2100 17243390
2200 18918624
2300 20673715
2400 22565471
2500 24438996
2600 26490988
2700 28578555
2800 30643839
2900 32774004
3000 35184215
3100 37614838
3200 40110856
3300 42595337
3400 45267064
3500 48041861
3600 50793268
3700 53712608
3800 56677025
3900 59661726
4000 62891849
4100 66040911
RandomZeroToFourThousand
100 40059
200 165296
300 380383
400 685243
500 1069206
600 1505809
700 2065016
800 2721351
900 3441624
1000 4244698
1100 5175640
1200 6135299
1300 7221984
1400 8375308
1500 9599410
1600 10998366
1700 12335027
1800 13880057
1900 15422176
2000 17087159
2100 18889338
2200 20746794
2300 22633378
2400 24529166
2500 26711130
2600 28907381
2700 31036902
2800 33468936
2900 35859438
3000 38383781
3100 41047280
3200 43595976
3300 46423660
3400 49065156
3500 51952087
3600 54947441
3700 58112550
3800 61427220
3900 64775720
4000 68079819
4100 71517181
RandomAlmostSorted
100 965
200 1565
300 2165
400 2765
500 3365
600 3965
700 4565
800 5165
900 10645
1000 11245
1100 11845
1200 12445
1300 13045
1400 13645
1500 14245
1600 14845
1700 20325
1800 20925
1900 21525
2000 22125
2100 22725
2200 23325
2300 23925
2400 24525
2500 30000
2600 30600
2700 31200
2800 31800
2900 32400
3000 33000
3100 33600
3200 34200
3300 39690
3400 40290
3500 40890
3600 41490
3700 42090
3800 42690
3900 43290
4000 43890
4100 49370
RandomReverseOrder
100 54741
200 219566
300 494450
400 879256
500 1374033
600 1978855
700 2693586
800 3518375
900 4453175
1000 5498021
1100 6652901
1200 7917680
1300 9292436
1400 10777230
1500 12372081
1600 14076860
1700 15891651
1800 17816468
1900 19851286
2000 21996055
2100 24250775
2200 26615696
2300 29090536
2400 31675330
2500 34370126
2600 37174895
2700 40089626
2800 43114456
2900 46249266
3000 49494066
3100 52848846
3200 56313571
3300 59888406
3400 63573181
3500 67367996
3600 71272811
3700 75287680
3800 79412470
3900 83647301
4000 87992130
4100 92446896
