RandomZeroToFive
100 40470
200 166332
300 380400
400 682992
500 1061532
600 1525398
700 2068386
800 2701254
900 3419004
1000 4255608
1100 5171994
1200 6141588
1300 7197648
1400 8324064
1500 9495792
1600 10792554
1700 12151530
1800 13638654
1900 15192390
2000 16871676
2100 18631974
2200 20426490
2300 22343160
2400 24340296
2500 26404002
2600 28493886
2700 30727932
2800 32950944
2900 35292618
3000 37784676
3100 40426482
3200 43095486
3300 45795900
3400 48672930
3500 51706572
3600 54655182
3700 57760206
3800 60919584
3900 64181994
4000 67656012
4100 70986168
RandomZeroToFourThousand
100 44064
200 179682
300 404172
400 724872
500 1134378
600 1622160
700 2209542
800 2896524
900 3654510
1000 4518894
1100 5487654
1200 6522312
1300 7653942
1400 8897718
1500 10210950
1600 11674242
1700 13130700
1800 14730348
1900 16407066
2000 18133728
2100 20048370
2200 22021578
2300 24072906
2400 26116086
2500 28334430
2600 30633684
2700 33042318
2800 35528670
2900 38065410
3000 40756404
3100 43544202
3200 46306890
3300 49217310
3400 52131258
3500 55204536
3600 58296972
3700 61571646
3800 65123298
3900 68605482
4000 72156276
4100 75789192
RandomAlmostSorted
100 30084
200 120084
300 270084
400 480084
500 750084
600 1080084
700 1470084
800 1920084
900 2430180
1000 3000180
1100 3630180
1200 4320180
1300 5070180
1400 5880180
1500 6750180
1600 7680180
1700 8670276
1800 9720276
1900 10830276
2000 12000276
2100 13230276
2200 14520276
2300 15870276
2400 17280276
2500 18750366
2600 20280366
2700 21870366
2800 23520366
2900 25230366
3000 27000366
3100 28830366
3200 30720366
3300 32670474
3400 34680474
3500 36750474
3600 38880474
3700 41070474
3800 43320474
3900 45630474
4000 48000474
4100 50430570
RandomReverseOrder
100 59328
200 238758
300 538266
400 957666
500 1497060
600 2156472
700 2935782
800 3835176
900 4854576
1000 5994024
1100 7253520
1200 8632902
1300 10132242
1400 11751642
1500 13491096
1600 15350478
1700 17329860
1800 19429302
1900 21648702
2000 23988072
2100 26447412
2200 29026914
2300 31726362
2400 34545762
2500 37485150
2600 40544520
2700 43723830
2800 47023266
2900 50442678
3000 53982078
3100 57641454
3200 61420764
3300 65320206
3400 69339576
3500 73478994
3600 77738412
3700 82117902
3800 86617290
3900 91236720
4000 95976162
4100 100835514
