RandomZeroToFive
100 38455
200 169813
300 389192
400 694743
500 1086033
600 1552951
700 2122392
800 2765263
900 3500630
1000 4350055
1100 5305937
1200 6296610
1300 7368355
1400 8519807
1500 9725683
1600 11063372
1700 12455500
1800 13987523
1900 15573730
2000 17295937
2100 19079423
2200 20922420
2300 22883895
2400 24942771
2500 27057208
2600 29226811
2700 31528974
2800 33815887
2900 36194201
3000 38794506
3100 41496021
3200 44249251
3300 47000574
3400 49948620
3500 53051894
3600 56076819
3700 59276602
3800 62540415
3900 65876857
4000 69460198
4100 72889580
RandomZeroToFourThousand
100 45368
200 186696
300 426926
400 766468
500 1196860
600 1709539
700 2323638
800 3059382
900 3856435
1000 4766138
1100 5799378
1200 6884164
1300 8085274
1400 9400138
1500 10785399
1600 12338508
1700 13862710
1800 15565261
1900 17318017
2000 19153295
2100 21178045
2200 23274316
2300 25434796
2400 27587127
2500 29930670
2600 32363377
2700 34873251
2800 37520019
2900 40196437
3000 43030658
3100 45987929
3200 48835897
3300 51967787
3400 54961593
3500 58251431
3600 61511913
3700 64992654
3800 68759148
3900 72435521
4000 76179761
4100 80002588
RandomAlmostSorted
100 1290
200 2490
300 3690
400 4890
500 6090
600 7290
700 8490
800 9690
900 11002
1000 12202
1100 13402
1200 14602
1300 15802
1400 17002
1500 18202
1600 19402
1700 20714
1800 21914
1900 23114
2000 24314
2100 25514
2200 26714
2300 27914
2400 29114
2500 30419
2600 31619
2700 32819
2800 34019
2900 35219
3000 36419
3100 37619
3200 38819
3300 40145
3400 41345
3500 42545
3600 43745
3700 44945
3800 46145
3900 47345
4000 48545
4100 49857
RandomReverseOrder
100 64416
200 258951
300 583572
400 1038077
500 1622554
600 2337079
700 3181479
800 4155967
900 5260467
1000 6495028
1100 7859640
1200 9354114
1300 10978549
1400 12733044
1500 14617612
1600 16632086
1700 18776570
1800 21051103
1900 23455619
2000 25990079
2100 28654481
2200 31449133
2300 34373689
2400 37428184
2500 40612675
2600 43927135
2700 47371535
2800 50946077
2900 54650591
3000 58485091
3100 62449563
3200 66543958
3300 70768507
3400 75122972
3500 79607493
3600 84222014
3700 88966614
3800 93841100
3900 98845640
4000 103980184
4100 109244633
