RandomZeroToFive
100 38801
200 40701
300 42601
400 44501
500 46401
600 48301
700 50201
800 52101
900 54001
1000 55901
1100 57801
1200 59701
1300 61601
1400 63501
1500 65401
1600 67301
1700 69201
1800 71101
1900 73001
2000 74901
2100 76801
2200 78701
2300 80601
2400 82501
2500 84401
2600 86301
2700 88201
2800 90101
2900 92001
3000 93901
3100 95801
3200 97701
3300 99601
3400 101501
3500 103401
3600 105301
3700 107201
3800 109101
3900 111001
4000 112901
4100 114801
RandomZeroToFourThousand
100 38801
200 40701
300 42601
400 44501
500 46401
600 48301
700 50201
800 52101
900 54001
1000 55901
1100 57801
1200 59701
1300 61601
1400 63501
1500 65401
1600 67301
1700 69201
1800 71101
1900 73001
2000 74901
2100 76801
2200 78701
2300 80601
2400 82501
2500 84401
2600 86301
2700 88201
2800 90101
2900 92001
3000 93901
3100 95801
3200 97701
3300 99601
3400 101501
3500 103401
3600 105301
3700 107201
3800 109101
3900 111001
4000 112901
4100 114801
RandomAlmostSorted
100 38801
200 40701
300 42601
400 44501
500 46401
600 48301
700 50201
800 52101
900 54001
1000 55901
1100 57801
1200 59701
1300 61601
1400 63501
1500 65401
1600 67301
1700 69201
1800 71101
1900 73001
2000 74901
2100 76801
2200 78701
2300 80601
2400 82501
2500 84401
2600 86301
2700 88201
2800 90101
2900 92001
3000 93901
3100 95801
3200 97701
3300 99601
3400 101501
3500 103401
3600 105301
3700 107201
3800 109101
3900 111001
4000 112901
4100 114801
RandomReverseOrder
100 38801
200 40701
300 42601
400 44501
500 46401
600 48301
700 50201
800 52101
900 54001
1000 55901
1100 57801
1200 59701
1300 61601
1400 63501
1500 65401
1600 67301
1700 69201
1800 71101
1900 73001
2000 74901
2100 76801
2200 78701
2300 80601
2400 82501
2500 84401
2600 86301
2700 88201
2800 90101
2900 92001
3000 93901
3100 95801
3200 97701
3300 99601
3400 101501
3500 103401
3600 105301
3700 107201
3800 109101
3900 111001
4000 112901
4100 114801
