RandomZeroToFive
100 3924
200 9943
300 15187
400 21331
500 28103
600 34938
700 41089
800 48356
900 55333
1000 62715
1100 69170
1200 76660
1300 83916
1400 91289
1500 97726
1600 105162
1700 112679
1800 120474
1900 128331
2000 136359
2100 143757
2200 151569
2300 159300
2400 167400
2500 175005
2600 182484
2700 189927
2800 198054
2900 206028
3000 214569
3100 222957
3200 231093
3300 239481
3400 247959
3500 256554
3600 265257
3700 273699
3800 281853
3900 289809
4000 297558
4100 305280
RandomZeroToFourThousand
100 6552
200 15190
300 24727
400 34948
500 46589
600 58437
700 70411
800 83591
900 93601
1000 107013
1100 120983
1200 133810
1300 145674
1400 162479
1500 174559
1600 183885
1700 196667
1800 214344
1900 227952
2000 240228
2100 254682
2200 271314
2300 286398
2400 297720
2500 315819
2600 329985
2700 348120
2800 360423
2900 376722
3000 388971
3100 406854
3200 419238
3300 432036
3400 449217
3500 462204
3600 472185
3700 491652
3800 508158
3900 521379
4000 535761
4100 548307
RandomAlmostSorted
100 2988
200 6964
300 11164
400 16057
500 20957
600 25857
700 30757
800 36350
900 42094
1000 47694
1100 53294
1200 58894
1300 64494
1400 70094
1500 75694
1600 81294
1700 87038
1800 92988
1900 99288
2000 105588
2100 111888
2200 118188
2300 124488
2400 130788
2500 137223
2600 143523
2700 149823
2800 156123
2900 162423
3000 168723
3100 175023
3200 181323
3300 187785
3400 194085
3500 200385
3600 206685
3700 212985
3800 219285
3900 225585
4000 231885
4100 238329
RandomReverseOrder
100 4923
200 10852
300 17905
400 24733
500 33908
600 42237
700 49774
800 57194
900 65350
1000 73281
1100 82337
1200 90970
1300 107703
1400 111827
1500 122773
1600 126024
1700 141344
1800 149607
1900 151677
2000 167139
2100 174654
2200 186471
2300 192771
2400 204381
2500 210312
2600 219240
2700 230634
2800 242847
2900 252369
3000 270675
3100 289593
3200 295362
3300 307458
3400 311616
3500 330012
3600 331389
3700 346401
3800 354861
3900 368280
4000 372978
4100 377451
