RandomZeroToFive
100 319181
200 361753
300 437295
400 548283
500 695515
600 883354
700 1112857
800 1381836
900 1690736
1000 2041794
1100 2432815
1200 2870730
1300 3351445
1400 3875124
1500 4440362
1600 5052363
1700 5708531
1800 6410423
1900 7157364
2000 7951291
2100 8788759
2200 9672828
2300 10605408
2400 11586363
2500 12618800
2600 13701139
2700 14830409
2800 16007006
2900 17230828
3000 18501910
3100 19818361
3200 21185989
3300 22600036
3400 24061576
3500 25565015
3600 27117741
3700 28724206
3800 30376702
3900 32079236
4000 33830716
4100 35632231
RandomZeroToFourThousand
100 36915036
200 36964500
300 37056412
400 37193336
500 37376853
600 37608347
700 37889857
800 38222080
900 38607038
1000 39043579
1100 39531815
1200 40074687
1300 40672729
1400 41326437
1500 42034439
1600 42798835
1700 43619585
1800 44496397
1900 45430420
2000 46418179
2100 47463544
2200 48567191
2300 49731437
2400 50955413
2500 52241490
2600 53586630
2700 54991288
2800 56456833
2900 57983262
3000 59570752
3100 61218699
3200 62928849
3300 64697759
3400 66527604
3500 68418396
3600 70372656
3700 72385770
3800 74460991
3900 76597015
4000 78795028
4100 81054851
RandomAlmostSorted
100 82631619
200 82684021
300 82779870
400 82922103
500 83112132
600 83352246
700 83644425
800 83988954
900 84386031
1000 84835645
1100 85339780
1200 85900943
1300 86519440
1400 87195087
1500 87927739
1600 88717262
1700 89564281
1800 90469238
1900 91431975
2000 92451894
2100 93530320
2200 94669618
2300 95871457
2400 97135727
2500 98462173
2600 99850908
2700 101301710
2800 102814820
2900 104390538
3000 106029082
3100 107729700
3200 109492700
3300 111318332
3400 113205818
3500 115155824
3600 117168434
3700 119243529
3800 121381307
3900 123582054
4000 125845288
4100 128170641
RandomReverseOrder
100 129715211
200 129761575
300 129848448
400 129978478
500 130153459
600 130374100
700 130643145
800 130961292
900 131330086
1000 131747894
1100 132217430
1200 132738656
1300 133315480
1400 133943918
1500 134629668
1600 135367764
1700 136160138
1800 137006624
1900 137910983
2000 138866920
2100 139880203
2200 140947708
2300 142076361
2400 143260850
2500 144503143
2600 145802250
2700 147163919
2800 148580457
2900 150055768
3000 151588984
3100 153184023
3200 154836237
3300 156548043
3400 158319721
3500 160152750
3600 162043836
3700 163992774
3800 166003720
3900 168075307
4000 170205859
4100 172394123
