RandomZeroToFive
100 16992
200 72085
300 169487
400 309675
500 473785
600 675884
700 906666
800 1182268
900 1495193
1000 1896399
1100 2327278
1200 2747969
1300 3208359
1400 3684283
1500 4138175
1600 4689618
1700 5244382
1800 5901368
1900 6568272
2000 7333501
2100 8130248
2200 8888322
2300 9739627
2400 10621631
2500 11513490
2600 12354616
2700 13321985
2800 14182803
2900 15131614
3000 16216001
3100 17435010
3200 18604816
3300 19731737
3400 21033582
3500 22480345
3600 23709560
3700 25083396
3800 26448763
3900 27878678
4000 29536005
4100 30887539
RandomZeroToFourThousand
100 22383
200 92110
300 205145
400 372495
500 583054
600 821027
700 1118400
800 1475173
900 1848452
1000 2291328
1100 2800768
1200 3319055
1300 3892800
1400 4544764
1500 5210912
1600 6012150
1700 6713137
1800 7538909
1900 8390286
2000 9226579
2100 10254842
2200 11280954
2300 12334246
2400 13285316
2500 14409132
2600 15564313
2700 16793564
2800 18049392
2900 19290802
3000 20673593
3100 22111590
3200 23421922
3300 24863852
3400 26221074
3500 27727291
3600 29172245
3700 30800556
3800 32754334
3900 34513910
4000 36286401
4100 38092075
RandomAlmostSorted
100 1413
200 2713
300 4013
400 5313
500 6613
600 7913
700 9213
800 10513
900 11957
1000 13257
1100 14557
1200 15857
1300 17157
1400 18457
1500 19757
1600 21057
1700 22501
1800 23801
1900 25101
2000 26401
2100 27701
2200 29001
2300 30301
2400 31601
2500 33036
2600 34336
2700 35636
2800 36936
2900 38236
3000 39536
3100 40836
3200 42136
3300 43598
3400 44898
3500 46198
3600 47498
3700 48798
3800 50098
3900 51398
4000 52698
4100 54142
RandomReverseOrder
100 45279
200 180724
300 406286
400 721686
500 1127077
600 1622495
700 2207760
800 2883151
900 3648551
1000 4504023
1100 5449567
1200 6484940
1300 7610250
1400 8825650
1500 10131131
1600 11526504
1700 13011877
1800 14587340
1900 16252740
2000 18008095
2100 19853405
2200 21788958
2300 23814430
2400 25929830
2500 28135212
2600 30430567
2700 32815832
2800 35291286
2900 37856704
3000 40512104
3100 43257468
3200 46092733
3300 49018196
3400 52033551
3500 55138978
3600 58334405
3700 61619940
3800 64995322
3900 68460767
4000 72016230
4100 75661558
