RandomZeroToFive
100 323602
200 366737
300 444241
400 558319
500 709883
600 900235
700 1131481
800 1403639
900 1716619
1000 2070448
1100 2466260
1200 2906062
1300 3390349
1400 3918896
1500 4491724
1600 5108809
1700 5770160
1800 6475831
1900 7225555
2000 8019431
2100 8858236
2200 9743980
2300 10677797
2400 11659576
2500 12689326
2600 13766702
2700 14891707
2800 16064683
2900 17285252
3000 18553405
3100 19869001
3200 21232403
3300 22643476
3400 24102496
3500 25609247
3600 27163423
3700 28765108
3800 30414185
3900 32110825
4000 33855049
4100 35646374
RandomZeroToFourThousand
100 36852198
200 36895420
300 36973110
400 37087452
500 37239445
600 37430310
700 37662219
800 37935220
900 38249256
1000 38604216
1100 39001135
1200 39442419
1300 39928272
1400 40458712
1500 41033742
1600 41653125
1700 42316957
1800 43025331
1900 43777884
2000 44574829
2100 45416748
2200 46305639
2300 47242948
2400 48228288
2500 49261665
2600 50343007
2700 51472251
2800 52649718
2900 53875057
3000 55148382
3100 56469282
3200 57838063
3300 59254845
3400 60719628
3500 62232178
3600 63792750
3700 65400765
3800 67056727
3900 68760528
4000 70511883
4100 72310912
RandomAlmostSorted
100 73508672
200 73550499
300 73625822
400 73736741
500 73883937
600 74069144
700 74294264
800 74559183
900 74863727
1000 75207653
1100 75592617
1200 76020776
1300 76492355
1400 77007150
1500 77564999
1600 78165815
1700 78809727
1800 79496489
1900 80225942
2000 80997918
2100 81813518
2200 82675202
2300 83583921
2400 84539537
2500 85541963
2600 86590914
2700 87686492
2800 88828586
2900 90017046
3000 91251674
3100 92532278
3200 93859239
3300 95232809
3400 96652808
3500 98119020
3600 99631094
3700 101189162
3800 102793329
3900 104443268
4000 106138802
4100 107879682
RandomReverseOrder
100 109077025
200 109118759
300 109193899
400 109304626
500 109451951
600 109636825
700 109861495
800 110126114
900 110430472
1000 110774650
1100 111159320
1200 111586792
1300 112057567
1400 112571531
1500 113128771
1600 113728918
1700 114372059
1800 115058440
1900 115787797
2000 116560307
2100 117376333
2200 118237510
2300 119145473
2400 120099700
2500 121100656
2600 122148065
2700 123241810
2800 124382212
2900 125568926
3000 126802300
3100 128082013
3200 129407708
3300 130779778
3400 132198283
3500 133663286
3600 135174709
3700 136732117
3800 138336044
3900 139986241
4000 141682786
4100 143425988
