RandomZeroToFive
100 175739
200 196354
300 237149
400 297567
500 382342
600 490982
700 623024
800 777475
900 966216
1000 1178908
1100 1414730
1200 1673501
1300 1957104
1400 2261721
1500 2600807
1600 2972085
1700 3383228
1800 3824097
1900 4287586
2000 4779658
2100 5305191
2200 5853043
2300 6421639
2400 7020266
2500 7648440
2600 8299528
2700 8979883
2800 9685771
2900 10422883
3000 11191381
3100 12005345
3200 12865472
3300 13778808
3400 14716104
3500 15688318
3600 16678259
3700 17702199
3800 18760787
3900 19841028
4000 20951603
4100 22088119
RandomZeroToFourThousand
100 23386539
200 23423041
300 23529152
400 23746164
500 24113827
600 24675257
700 25466159
800 26522223
900 27886712
1000 29600075
1100 31703773
1200 34233916
1300 37229337
1400 40737331
1500 44778850
1600 49391160
1700 54605843
1800 60470325
1900 67033068
2000 74318807
2100 82356350
2200 91171102
2300 100807778
2400 111317917
2500 122700564
2600 135007858
2700 148243265
2800 162505260
2900 177781860
3000 194149725
3100 211572048
3200 230096225
3300 249779596
3400 270611912
3500 292575757
3600 315754423
3700 340224721
3800 365937089
3900 393000818
4000 421383060
4100 451134879
RandomAlmostSorted
100 482770049
200 482860600
300 483094954
400 483545543
500 484286232
600 485391275
700 486934570
800 488987967
900 491622438
1000 494912297
1100 498931916
1200 503754717
1300 509454064
1400 516103375
1500 523777958
1600 532552795
1700 542497213
1800 553681423
1900 566177841
2000 580058725
2100 595395795
2200 612260547
2300 630725031
2400 650862687
2500 672745678
2600 696444951
2700 722032084
2800 749580417
2900 779163152
3000 810854923
3100 844731342
3200 880864771
3300 919324977
3400 960183913
3500 1003513049
3600 1049383855
3700 1097869829
3800 1149044941
3900 1202981853
4000 1259754354
4100 1319433948
RandomReverseOrder
100 1350968837
200 1351052032
300 1351273847
400 1351701038
500 1352390891
600 1353416885
700 1354829123
800 1356685347
900 1359079110
1000 1362070834
1100 1365806615
1200 1370268276
1300 1375526023
1400 1381624532
1500 1388683009
1600 1396782336
1700 1405923005
1800 1416200326
1900 1427739129
2000 1440456959
2100 1454518976
2200 1470022837
2300 1487121379
2400 1505729868
2500 1525882393
2600 1547853790
2700 1571389177
2800 1596673024
2900 1623910114
3000 1653152840
3100 1684229185
3200 1717299847
3300 1752657626
3400 1790252068
3500 1830086242
3600 1872185589
3700 1916925300
3800 1964184444
3900 2013975138
4000 2066434660
4100 2121450280
