RandomZeroToFive
100 12304
200 24304
300 36304
400 48304
500 60304
600 72304
700 84304
800 96304
900 108304
1000 120304
1100 132304
1200 144304
1300 156304
1400 168304
1500 180304
1600 192304
1700 204304
1800 216304
1900 228304
2000 240304
2100 252304
2200 264304
2300 276304
2400 288304
2500 300304
2600 312304
2700 324304
2800 336304
2900 348304
3000 360304
3100 372304
3200 384304
3300 396304
3400 408304
3500 420304
3600 432304
3700 444304
3800 456304
3900 468304
4000 480304
4100 492304
RandomZeroToFourThousand
100 12304
200 24304
300 36304
400 48304
500 60304
600 72304
700 84304
800 96304
900 108304
1000 120304
1100 132304
1200 144304
1300 156304
1400 168304
1500 180304
1600 192304
1700 204304
1800 216304
1900 228304
2000 240304
2100 252304
2200 264304
2300 276304
2400 288304
2500 300304
2600 312304
2700 324304
2800 336304
2900 348304
3000 360304
3100 372304
3200 384304
3300 396304
3400 408304
3500 420304
3600 432304
3700 444304
3800 456304
3900 468304
4000 480304
4100 492304
RandomAlmostSorted
100 12304
200 24304
300 36304
400 48304
500 60304
600 72304
700 84304
800 96304
900 108304
1000 120304
1100 132304
1200 144304
1300 156304
1400 168304
1500 180304
1600 192304
1700 204304
1800 216304
1900 228304
2000 240304
2100 252304
2200 264304
2300 276304
2400 288304
2500 300304
2600 312304
2700 324304
2800 336304
2900 348304
3000 360304
3100 372304
3200 384304
3300 396304
3400 408304
3500 420304
3600 432304
3700 444304
3800 456304
3900 468304
4000 480304
4100 492304
RandomReverseOrder
100 12304
200 24304
300 36304
400 48304
500 60304
600 72304
700 84304
800 96304
900 108304
1000 120304
1100 132304
1200 144304
1300 156304
1400 168304
1500 180304
1600 192304
1700 204304
1800 216304
1900 228304
2000 240304
2100 252304
2200 264304
2300 276304
2400 288304
2500 300304
2600 312304
2700 324304
2800 336304
2900 348304
3000 360304
3100 372304
3200 384304
3300 396304
3400 408304
3500 420304
3600 432304
3700 444304
3800 456304
3900 468304
4000 480304
4100 492304
