Nselection_sort
100 30832
200 121699
300 272548
400 483466
500 754280
600 1085101
700 1475996
800 1926833
900 2437688
1000 3008554
1100 3639466
1200 4330267
1300 5081063
1400 5891942
1500 6762669
1600 7693529
1700 8684337
1800 9735258
1900 10846094
2000 12016886
2100 13247796
2200 14538593
2300 15889509
2400 17300367
2500 18771191
2600 20301966
2700 21892717
2800 23543574
2900 25254405
3000 27025189
3100 28856129
3200 30746928
3300 32697687
3400 34708500
3500 36779431
3600 38910172
3700 41101026
3800 43351906
3900 45662720
4000 48033648
4100 50464449
Nbubble_sort
100 40470
200 166332
300 380400
400 682992
500 1061532
600 1525398
700 2068386
800 2701254
900 3419004
1000 4255608
1100 5171994
1200 6141588
1300 7197648
1400 8324064
1500 9495792
1600 10792554
1700 12151530
1800 13638654
1900 15192390
2000 16871676
2100 18631974
2200 20426490
2300 22343160
2400 24340296
2500 26404002
2600 28493886
2700 30727932
2800 32950944
2900 35292618
3000 37784676
3100 40426482
3200 43095486
3300 45795900
3400 48672930
3500 51706572
3600 54655182
3700 57760206
3800 60919584
3900 64181994
4000 67656012
4100 70986168
Nbubble_iverson1
100 38455
200 169813
300 389192
400 694743
500 1086033
600 1552951
700 2122392
800 2765263
900 3500630
1000 4350055
1100 5305937
1200 6296610
1300 7368355
1400 8519807
1500 9725683
1600 11063372
1700 12455500
1800 13987523
1900 15573730
2000 17295937
2100 19079423
2200 20922420
2300 22883895
2400 24942771
2500 27057208
2600 29226811
2700 31528974
2800 33815887
2900 36194201
3000 38794506
3100 41496021
3200 44249251
3300 47000574
3400 49948620
3500 53051894
3600 56076819
3700 59276602
3800 62540415
3900 65876857
4000 69460198
4100 72889580
Nbubble_iverson2
100 33806
200 154531
300 350355
400 624345
500 982593
600 1395396
700 1923506
800 2495422
900 3166367
1000 3919759
1100 4790556
1200 5686707
1300 6645971
1400 7693779
1500 8804263
1600 10027166
1700 11287956
1800 12679144
1900 14111740
2000 15673685
2100 17243390
2200 18918624
2300 20673715
2400 22565471
2500 24438996
2600 26490988
2700 28578555
2800 30643839
2900 32774004
3000 35184215
3100 37614838
3200 40110856
3300 42595337
3400 45267064
3500 48041861
3600 50793268
3700 53712608
3800 56677025
3900 59661726
4000 62891849
4100 66040911
Ninsertion_sort
100 16992
200 72085
300 169487
400 309675
500 473785
600 675884
700 906666
800 1182268
900 1495193
1000 1896399
1100 2327278
1200 2747969
1300 3208359
1400 3684283
1500 4138175
1600 4689618
1700 5244382
1800 5901368
1900 6568272
2000 7333501
2100 8130248
2200 8888322
2300 9739627
2400 10621631
2500 11513490
2600 12354616
2700 13321985
2800 14182803
2900 15131614
3000 16216001
3100 17435010
3200 18604816
3300 19731737
3400 21033582
3500 22480345
3600 23709560
3700 25083396
3800 26448763
3900 27878678
4000 29536005
4100 30887539
Nbinary_insertion_sort
100 21321
200 80140
300 177458
400 314454
500 476593
600 674507
700 901968
800 1169449
900 1472249
1000 1844469
1100 2247376
1200 2652518
1300 3094845
1400 3557164
1500 4012628
1600 4544913
1700 5088397
1800 5711177
1900 6349926
2000 7067149
2100 7814273
2200 8544762
2300 9348676
2400 10181741
2500 11030397
2600 11856778
2700 12776270
2800 13633641
2900 14561332
3000 15589352
3100 16718463
3200 17823319
3300 18912422
3400 20126610
3500 21448540
3600 22633826
3700 23927220
3800 25222390
3900 26571014
4000 28080837
4100 29397736
Ncount_sort
100 38801
200 40701
300 42601
400 44501
500 46401
600 48301
700 50201
800 52101
900 54001
1000 55901
1100 57801
1200 59701
1300 61601
1400 63501
1500 65401
1600 67301
1700 69201
1800 71101
1900 73001
2000 74901
2100 76801
2200 78701
2300 80601
2400 82501
2500 84401
2600 86301
2700 88201
2800 90101
2900 92001
3000 93901
3100 95801
3200 97701
3300 99601
3400 101501
3500 103401
3600 105301
3700 107201
3800 109101
3900 111001
4000 112901
4100 114801
Nradix_sort
100 12304
200 24304
300 36304
400 48304
500 60304
600 72304
700 84304
800 96304
900 108304
1000 120304
1100 132304
1200 144304
1300 156304
1400 168304
1500 180304
1600 192304
1700 204304
1800 216304
1900 228304
2000 240304
2100 252304
2200 264304
2300 276304
2400 288304
2500 300304
2600 312304
2700 324304
2800 336304
2900 348304
3000 360304
3100 372304
3200 384304
3300 396304
3400 408304
3500 420304
3600 432304
3700 444304
3800 456304
3900 468304
4000 480304
4100 492304
Nmerge_sort
100 144631266
200 144674401
300 144751905
400 144865983
500 145017547
600 145207899
700 145439145
800 145711303
900 146024283
1000 146378112
1100 146773924
1200 147213726
1300 147698013
1400 148226560
1500 148799388
1600 149416473
1700 150077824
1800 150783495
1900 151533219
2000 152327095
2100 153165900
2200 154051644
2300 154985461
2400 155967240
2500 156996990
2600 158074366
2700 159199371
2800 160372347
2900 161592916
3000 162861069
3100 164176665
3200 165540067
3300 166951140
3400 168410160
3500 169916911
3600 171471087
3700 173072772
3800 174721849
3900 176418489
4000 178162713
4100 179954038
Nquick_sort
100 2152556642
200 2152577257
300 2152618052
400 2152678470
500 2152763245
600 2152871885
700 2153003927
800 2153158378
900 2153347119
1000 2153559811
1100 2153795633
1200 2154054404
1300 2154338007
1400 2154642624
1500 2154981710
1600 2155352988
1700 2155764131
1800 2156205000
1900 2156668489
2000 2157160561
2100 2157686094
2200 2158233946
2300 2158802542
2400 2159401169
2500 2160029343
2600 2160680431
2700 2161360786
2800 2162066674
2900 2162803786
3000 2163572284
3100 2164386248
3200 2165246375
3300 2166159711
3400 2167097007
3500 2168069221
3600 2169059162
3700 2170083102
3800 2171141690
3900 2172221931
4000 2173332506
4100 2174469022
Nheap_sort
100 173891733
200 173934305
300 174009847
400 174120835
500 174268067
600 174455906
700 174685409
800 174954388
900 175263288
1000 175614346
1100 176005367
1200 176443282
1300 176923997
1400 177447676
1500 178012914
1600 178624915
1700 179281083
1800 179982975
1900 180729916
2000 181523843
2100 182361311
2200 183245380
2300 184177960
2400 185158915
2500 186191352
2600 187273691
2700 188402961
2800 189579558
2900 190803380
3000 192074462
3100 193390913
3200 194758541
3300 196172588
3400 197634128
3500 199137567
3600 200690293
3700 202296758
3800 203949254
3900 205651788
4000 207403268
4100 209204783
Nshell_sort
100 4451
200 10764
300 17998
400 25075
500 30314
600 40753
700 47201
800 58642
900 65881
1000 69197
1100 81868
1200 92584
1300 99340
1400 105732
1500 111973
1600 131481
1700 126809
1800 139588
1900 141901
2000 153450
2100 173437
2200 181013
2300 187968
2400 206923
2500 210864
2600 220263
2700 223946
2800 236209
2900 238079
3000 246886
3100 257640
3200 294410
3300 272307
3400 282840
3500 286266
3600 308767
3700 302570
3800 313320
3900 319691
4000 346435
4100 393234
Ncyurania_sequence
100 3924
200 9943
300 15187
400 21331
500 28103
600 34938
700 41089
800 48356
900 55333
1000 62715
1100 69170
1200 76660
1300 83916
1400 91289
1500 97726
1600 105162
1700 112679
1800 120474
1900 128331
2000 136359
2100 143757
2200 151569
2300 159300
2400 167400
2500 175005
2600 182484
2700 189927
2800 198054
2900 206028
3000 214569
3100 222957
3200 231093
3300 239481
3400 247959
3500 256554
3600 265257
3700 273699
3800 281853
3900 289809
4000 297558
4100 305280
