Nselection_sort
50 7909
100 30832
150 68768
200 121699
250 189655
300 272548
Nbubble_sort
50 10602
100 40470
150 93198
200 166332
250 262620
300 380400
Nbubble_iverson1
50 10603
100 38455
150 94448
200 169813
250 269475
300 389192
Nbubble_iverson2
50 9132
100 33806
150 84968
200 154531
250 244143
300 350355
Ninsertion_sort
50 5290
100 16992
150 40484
200 72085
250 115917
300 169487
Nbinary_insertion_sort
50 6901
100 21321
150 46505
200 80140
250 124257
300 177458
Ncount_sort
50 37851
100 38801
150 39751
200 40701
250 41651
300 42601
Nradix_sort
50 6304
100 12304
150 18304
200 24304
250 30304
300 36304
Nmerge_sort
50 144313445
100 144332412
150 144366828
200 144417812
250 144485853
300 144571554
Nquick_sort
50 2152383366
100 2152392000
150 2152408997
200 2152434764
250 2152472029
300 2152519267
Nheap_sort
50 173577954
100 173596332
150 173630837
200 173681186
250 173748447
300 173832791
Nshell_sort
50 1904
100 4451
150 7753
200 10764
250 13173
300 17998
Ncyurania_sequence
50 1899
100 3924
150 6871
200 9943
250 12727
300 15187
