Nselection_sort
50 7693
100 30293
150 67893
200 120493
250 188093
300 270693
Nbubble_sort
50 7584
100 30084
150 67584
200 120084
250 187584
300 270084
Nbubble_iverson1
50 690
100 1290
150 1890
200 2490
250 3090
300 3690
Nbubble_iverson2
50 665
100 965
150 1265
200 1565
250 1865
300 2165
Ninsertion_sort
50 763
100 1413
150 2063
200 2713
250 3363
300 4013
Nbinary_insertion_sort
50 2995
100 6804
150 10937
200 15301
250 19773
300 24533
Ncount_sort
50 37851
100 38801
150 39751
200 40701
250 41651
300 42601
Nradix_sort
50 6304
100 12304
150 18304
200 24304
250 30304
300 36304
Nmerge_sort
50 217505850
100 217524280
150 217557808
200 217607484
250 217673641
300 217757161
Nquick_sort
50 2634310814
100 2634334165
150 2634393516
200 2634506967
250 2634692481
300 2634967698
Nheap_sort
50 255811647
100 255834245
150 255876127
200 255938560
250 256022660
300 256129135
Nshell_sort
50 1520
100 3623
150 6433
200 8526
250 10647
300 14836
Ncyurania_sequence
50 1287
100 2988
150 4864
200 6964
250 9064
300 11164
