Nselection_sort
100 31071
200 122273
300 273619
400 484884
500 756396
600 1087701
700 1479101
800 1930578
900 2441786
1000 3013498
1100 3645095
1200 4336451
1300 5087910
1400 5899377
1500 6770698
1600 7702362
1700 8693947
1800 9745498
1900 10856613
2000 12028350
2100 13259560
2200 14550794
2300 15903163
2400 17313988
2500 18785449
2600 20317288
2700 21908329
2800 23560138
2900 25272046
3000 27043701
3100 28875214
3200 30767007
3300 32717984
3400 34729205
3500 36801067
3600 38931994
3700 41123824
3800 43374999
3900 45686569
4000 48058135
4100 50489288
Nbubble_sort
100 44064
200 179682
300 404172
400 724872
500 1134378
600 1622160
700 2209542
800 2896524
900 3654510
1000 4518894
1100 5487654
1200 6522312
1300 7653942
1400 8897718
1500 10210950
1600 11674242
1700 13130700
1800 14730348
1900 16407066
2000 18133728
2100 20048370
2200 22021578
2300 24072906
2400 26116086
2500 28334430
2600 30633684
2700 33042318
2800 35528670
2900 38065410
3000 40756404
3100 43544202
3200 46306890
3300 49217310
3400 52131258
3500 55204536
3600 58296972
3700 61571646
3800 65123298
3900 68605482
4000 72156276
4100 75789192
Nbubble_iverson1
100 45368
200 186696
300 426926
400 766468
500 1196860
600 1709539
700 2323638
800 3059382
900 3856435
1000 4766138
1100 5799378
1200 6884164
1300 8085274
1400 9400138
1500 10785399
1600 12338508
1700 13862710
1800 15565261
1900 17318017
2000 19153295
2100 21178045
2200 23274316
2300 25434796
2400 27587127
2500 29930670
2600 32363377
2700 34873251
2800 37520019
2900 40196437
3000 43030658
3100 45987929
3200 48835897
3300 51967787
3400 54961593
3500 58251431
3600 61511913
3700 64992654
3800 68759148
3900 72435521
4000 76179761
4100 80002588
Nbubble_iverson2
100 40059
200 165296
300 380383
400 685243
500 1069206
600 1505809
700 2065016
800 2721351
900 3441624
1000 4244698
1100 5175640
1200 6135299
1300 7221984
1400 8375308
1500 9599410
1600 10998366
1700 12335027
1800 13880057
1900 15422176
2000 17087159
2100 18889338
2200 20746794
2300 22633378
2400 24529166
2500 26711130
2600 28907381
2700 31036902
2800 33468936
2900 35859438
3000 38383781
3100 41047280
3200 43595976
3300 46423660
3400 49065156
3500 51952087
3600 54947441
3700 58112550
3800 61427220
3900 64775720
4000 68079819
4100 71517181
Ninsertion_sort
100 22383
200 92110
300 205145
400 372495
500 583054
600 821027
700 1118400
800 1475173
900 1848452
1000 2291328
1100 2800768
1200 3319055
1300 3892800
1400 4544764
1500 5210912
1600 6012150
1700 6713137
1800 7538909
1900 8390286
2000 9226579
2100 10254842
2200 11280954
2300 12334246
2400 13285316
2500 14409132
2600 15564313
2700 16793564
2800 18049392
2900 19290802
3000 20673593
3100 22111590
3200 23421922
3300 24863852
3400 26221074
3500 27727291
3600 29172245
3700 30800556
3800 32754334
3900 34513910
4000 36286401
4100 38092075
Nbinary_insertion_sort
100 20076
200 73540
300 156563
400 276276
500 425086
600 592472
700 799764
800 1046806
900 1305065
1000 1609908
1100 1959127
1200 2314421
1300 2706834
1400 3151474
1500 3605699
1600 4150203
1700 4627876
1800 5188757
1900 5766858
2000 6334978
2100 7031192
2200 7726008
2300 8438998
2400 9083972
2500 9844200
2600 10625371
2700 11456057
2800 12304455
2900 13143244
3000 14076473
3100 15046452
3200 15931477
3300 16904387
3400 17820843
3500 18836683
3600 19811630
3700 20908872
3800 22223119
3900 23407805
4000 24601275
4100 25816744
Ncount_sort
100 38801
200 40701
300 42601
400 44501
500 46401
600 48301
700 50201
800 52101
900 54001
1000 55901
1100 57801
1200 59701
1300 61601
1400 63501
1500 65401
1600 67301
1700 69201
1800 71101
1900 73001
2000 74901
2100 76801
2200 78701
2300 80601
2400 82501
2500 84401
2600 86301
2700 88201
2800 90101
2900 92001
3000 93901
3100 95801
3200 97701
3300 99601
3400 101501
3500 103401
3600 105301
3700 107201
3800 109101
3900 111001
4000 112901
4100 114801
Nradix_sort
100 12304
200 24304
300 36304
400 48304
500 60304
600 72304
700 84304
800 96304
900 108304
1000 120304
1100 132304
1200 144304
1300 156304
1400 168304
1500 180304
1600 192304
1700 204304
1800 216304
1900 228304
2000 240304
2100 252304
2200 264304
2300 276304
2400 288304
2500 300304
2600 312304
2700 324304
2800 336304
2900 348304
3000 360304
3100 372304
3200 384304
3300 396304
3400 408304
3500 420304
3600 432304
3700 444304
3800 456304
3900 468304
4000 480304
4100 492304
Nmerge_sort
100 181159862
200 181203084
300 181280774
400 181395116
500 181547109
600 181737974
700 181969883
800 182242884
900 182556920
1000 182911880
1100 183308799
1200 183750083
1300 184235936
1400 184766376
1500 185341406
1600 185960789
1700 186624621
1800 187332995
1900 188085548
2000 188882493
2100 189724412
2200 190613303
2300 191550612
2400 192535952
2500 193569329
2600 194650671
2700 195779915
2800 196957382
2900 198182721
3000 199456046
3100 200776946
3200 202145727
3300 203562509
3400 205027292
3500 206539842
3600 208100414
3700 209708429
3800 211364391
3900 213068192
4000 214819547
4100 216618576
Nquick_sort
100 2175767442
200 2175803944
300 2175910055
400 2176127067
500 2176494730
600 2177056160
700 2177847062
800 2178903126
900 2180267615
1000 2181980978
1100 2184084676
1200 2186614819
1300 2189610240
1400 2193118234
1500 2197159753
1600 2201772063
1700 2206986746
1800 2212851228
1900 2219413971
2000 2226699710
2100 2234737253
2200 2243552005
2300 2253188681
2400 2263698820
2500 2275081467
2600 2287388761
2700 2300624168
2800 2314886163
2900 2330162763
3000 2346530628
3100 2363952951
3200 2382477128
3300 2402160499
3400 2422992815
3500 2444956660
3600 2468135326
3700 2492605624
3800 2518317992
3900 2545381721
4000 2573763963
4100 2603515782
Nheap_sort
100 210487588
200 210537052
300 210628964
400 210765888
500 210949405
600 211180899
700 211462409
800 211794632
900 212179590
1000 212616131
1100 213104367
1200 213647239
1300 214245281
1400 214898989
1500 215606991
1600 216371387
1700 217192137
1800 218068949
1900 219002972
2000 219990731
2100 221036096
2200 222139743
2300 223303989
2400 224527965
2500 225814042
2600 227159182
2700 228563840
2800 230029385
2900 231555814
3000 233143304
3100 234791251
3200 236501401
3300 238270311
3400 240100156
3500 241990948
3600 243945208
3700 245958322
3800 248033543
3900 250169567
4000 252367580
4100 254627403
Nshell_sort
100 5975
200 14520
300 23836
400 34501
500 44588
600 58789
700 66173
800 83350
900 105373
1000 102131
1100 118174
1200 136768
1300 149884
1400 156342
1500 168439
1600 200007
1700 204467
1800 237436
1900 222337
2000 237732
2100 281029
2200 283583
2300 285774
2400 322597
2500 324978
2600 341973
2700 350876
2800 359041
2900 371483
3000 388420
3100 491394
3200 496298
3300 427605
3400 472272
3500 463698
3600 541441
3700 531614
3800 513210
3900 501791
4000 555673
4100 907434
Ncyurania_sequence
100 6552
200 15190
300 24727
400 34948
500 46589
600 58437
700 70411
800 83591
900 93601
1000 107013
1100 120983
1200 133810
1300 145674
1400 162479
1500 174559
1600 183885
1700 196667
1800 214344
1900 227952
2000 240228
2100 254682
2200 271314
2300 286398
2400 297720
2500 315819
2600 329985
2700 348120
2800 360423
2900 376722
3000 388971
3100 406854
3200 419238
3300 432036
3400 449217
3500 462204
3600 472185
3700 491652
3800 508158
3900 521379
4000 535761
4100 548307
