Nselection_sort
50 8013
100 31071
150 69177
200 122273
250 190461
300 273619
Nbubble_sort
50 10788
100 44064
150 103872
200 179682
250 278022
300 404172
Nbubble_iverson1
50 11431
100 45368
150 109529
200 186696
250 293076
300 426926
Nbubble_iverson2
50 10109
100 40059
150 96263
200 165296
250 261046
300 380383
Ninsertion_sort
50 5569
100 22383
150 56495
200 92110
250 139020
300 205145
Nbinary_insertion_sort
50 5824
100 20076
150 46217
200 73540
250 108561
300 156563
Ncount_sort
50 37851
100 38801
150 39751
200 40701
250 41651
300 42601
Nradix_sort
50 6304
100 12304
150 18304
200 24304
250 30304
300 36304
Nmerge_sort
50 180841513
100 180860489
150 180894968
200 180946039
250 181014254
300 181100141
Nquick_sort
50 2175215657
100 2175227775
150 2175259277
200 2175321725
250 2175423557
300 2175575610
Nheap_sort
50 210107183
100 210128830
150 210169196
200 210228899
250 210310213
300 210413016
Nshell_sort
50 2372
100 5975
150 10363
200 14520
250 17949
300 23836
Ncyurania_sequence
50 2367
100 6552
150 10930
200 15190
250 20782
300 24727
