Nselection_sort
50 8190
100 32092
150 71898
200 127484
250 199101
300 286724
Nbubble_sort
50 14640
100 59328
150 134040
200 238758
250 373500
300 538266
Nbubble_iverson1
50 15930
100 64416
150 145430
200 258951
250 405000
300 583572
Nbubble_iverson2
50 13601
100 54741
150 123401
200 219566
250 343251
300 494450
Ninsertion_sort
50 11347
100 45279
150 101747
200 180724
250 282237
300 406286
Nbinary_insertion_sort
50 9724
100 35307
150 76214
200 132364
250 203514
300 290069
Ncount_sort
50 37851
100 38801
150 39751
200 40701
250 41651
300 42601
Nradix_sort
50 6304
100 12304
150 18304
200 24304
250 30304
300 36304
Nmerge_sort
50 253074581
100 253092960
150 253126401
200 253175984
250 253242228
300 253325565
Nquick_sort
50 3502533734
100 3502555415
150 3502611098
200 3502717611
250 3502894098
300 3503158943
Nheap_sort
50 302927281
100 302947049
150 302984593
200 303041166
250 303117850
300 303215437
Nshell_sort
50 2000
100 4997
150 8869
200 12012
250 15861
300 20710
Ncyurania_sequence
50 2097
100 4923
150 8032
200 10852
250 15085
300 17905
