Nselection_sort
100 32092
150 71898
200 127484
250 199101
300 286724
350 390296
400 509545
450 644582
500 795218
550 961617
600 1143486
650 1341078
700 1554030
750 1782965
800 2027522
850 2287641
900 2563289
950 2855059
1000 3162808
1050 3486560
1100 3826252
1150 4182014
1200 4553421
1250 4940597
1300 5343653
1350 5762632
1400 6197840
1450 6648533
1500 7115096
1550 7597582
1600 8095869
1650 8609995
1700 9140009
1750 9685922
1800 10247292
1850 10824666
1900 11417423
1950 12026053
2000 12650425
2050 13290191
2100 13945527
2150 14616672
2200 15303575
2250 16006532
2300 16725255
2350 17459608
2400 18210050
2450 18976176
2500 19758337
2550 20555921
2600 21369346
2650 22198378
2700 23042969
2750 23902944
2800 24779064
2850 25671285
2900 26579272
2950 27502821
3000 28442075
3050 29397154
3100 30367892
3150 31354366
3200 32356496
3250 33374360
3300 34408193
3350 35457546
3400 36522632
3450 37603377
3500 38699980
3550 39812524
3600 40940820
3650 42084915
3700 43244936
3750 44420755
3800 45612497
3850 46820086
3900 48043231
3950 49282638
4000 50537800
4050 51808838
4100 53095768
Nbubble_sort
100 59328
150 134040
200 238758
250 373500
300 538266
350 732966
400 957666
450 1212396
500 1497060
550 1811772
600 2156472
650 2531118
700 2935782
750 3370536
800 3835176
850 4329840
900 4854576
950 5409294
1000 5994024
1050 6608790
1100 7253520
1150 7928250
1200 8632902
1250 9367572
1300 10132242
1350 10926972
1400 11751642
1450 12606366
1500 13491096
1550 14405802
1600 15350478
1650 16325190
1700 17329860
1750 18364566
1800 19429302
1850 20524002
1900 21648702
1950 22803426
2000 23988072
2050 25202754
2100 26447412
2150 27722172
2200 29026914
2250 30361662
2300 31726362
2350 33121056
2400 34545762
2450 36000486
2500 37485150
2550 38999832
2600 40544520
2650 42119118
2700 43723830
2750 45358518
2800 47023266
2850 48717972
2900 50442678
2950 52197414
3000 53982078
3050 55796772
3100 57641454
3150 59516118
3200 61420764
3250 63355482
3300 65320206
3350 67314858
3400 69339576
3450 71394276
3500 73478994
3550 75593724
3600 77738412
3650 79913136
3700 82117902
3750 84352572
3800 86617290
3850 88912044
3900 91236720
3950 93591450
4000 95976162
4050 98390838
4100 100835514
Nbubble_iverson1
100 64416
150 145430
200 258951
250 405000
300 583572
350 794577
400 1038077
450 1314107
500 1622554
550 1963579
600 2337079
650 2743021
700 3181479
750 3652537
800 4155967
850 4691930
900 5260467
950 5861477
1000 6495028
1050 7161105
1100 7859640
1150 8590670
1200 9354114
1250 10150084
1300 10978549
1350 11839584
1400 12733044
1450 13659072
1500 14617612
1550 15608619
1600 16632086
1650 17688100
1700 18776570
1750 19897572
1800 21051103
1850 22237119
1900 23455619
1950 24706642
2000 25990079
2050 27306063
2100 28654481
2150 30035584
2200 31449133
2250 32895189
2300 34373689
2350 35884682
2400 37428184
2450 39004212
2500 40612675
2550 42253638
2600 43927135
2650 45633021
2700 47371535
2750 49142521
2800 50946077
2850 52782084
2900 54650591
2950 56551628
3000 58485091
3050 60451084
3100 62449563
3150 64480505
3200 66543958
3250 68639979
3300 70768507
3350 72929446
3400 75122972
3450 77348972
3500 79607493
3550 81898528
3600 84222014
3650 86578042
3700 88966614
3750 91387568
3800 93841100
3850 96327168
3900 98845640
3950 101396675
4000 103980184
4050 106596161
4100 109244633
Nbubble_iverson2
100 54741
150 123401
200 219566
250 343251
300 494450
350 673106
400 879256
450 1112925
500 1374033
550 1662705
600 1978855
650 2322466
700 2693586
750 3092275
800 3518375
850 3972001
900 4453175
950 4961828
1000 5498021
1050 6061726
1100 6652901
1150 7271570
1200 7917680
1250 8591311
1300 9292436
1350 10021111
1400 10777230
1450 11560900
1500 12372081
1550 13210736
1600 14076860
1650 14970520
1700 15891651
1750 16840300
1800 17816468
1850 18820136
1900 19851286
1950 20909950
2000 21996055
2050 23109696
2100 24250775
2150 25419511
2200 26615696
2250 27839386
2300 29090536
2350 30369181
2400 31675330
2450 33009000
2500 34370126
2550 35758743
2600 37174895
2650 38618466
2700 40089626
2750 41588266
2800 43114456
2850 44668111
2900 46249266
2950 47857940
3000 49494066
3050 51157711
3100 52848846
3150 54567448
3200 56313571
3250 58087236
3300 59888406
3350 61717010
3400 63573181
3450 65456831
3500 67367996
3550 69306671
3600 71272811
3650 73266481
3700 75287680
3750 77336293
3800 79412470
3850 81516171
3900 83647301
3950 85805976
4000 87992130
4050 90205766
4100 92446896
Ninsertion_sort
100 45279
150 101747
200 180724
250 282237
300 406286
350 552736
400 721686
450 913181
500 1127077
550 1363545
600 1622495
650 1903864
700 2207760
750 2534291
800 2883151
850 3254547
900 3648551
950 4065028
1000 4504023
1050 4965572
1100 5449567
1150 5956062
1200 6484940
1250 7036345
1300 7610250
1350 8206745
1400 8825650
1450 9467136
1500 10131131
1550 10817590
1600 11526504
1650 12257972
1700 13011877
1750 13788336
1800 14587340
1850 15408790
1900 16252740
1950 17119226
2000 18008095
2050 18919518
2100 19853405
2150 20809945
2200 21788958
2250 22790480
2300 23814430
2350 24860871
2400 25929830
2450 27021316
2500 28135212
2550 29271635
2600 30430567
2650 31611864
2700 32815832
2750 34042264
2800 35291286
2850 36562745
2900 37856704
2950 39173208
3000 40512104
3050 41873545
3100 43257468
3150 44663864
3200 46092733
3250 47544210
3300 49018196
3350 50514574
3400 52033551
3450 53575001
3500 55138978
3550 56725473
3600 58334405
3650 59965891
3700 61619940
3750 63296345
3800 64995322
3850 66716853
3900 68460767
3950 70227262
4000 72016230
4050 73827644
4100 75661558
Nbinary_insertion_sort
100 35307
150 76214
200 132364
250 203514
300 290069
350 391669
400 508269
450 639869
500 786469
550 948420
600 1125470
650 1317520
700 1524570
750 1746620
800 1983670
850 2235720
900 2502770
950 2784820
1000 3081870
1050 3394163
1100 3721663
1150 4064163
1200 4421663
1250 4794163
1300 5181663
1350 5584163
1400 6001663
1450 6434163
1500 6881663
1550 7344163
1600 7821663
1650 8314163
1700 8821663
1750 9344163
1800 9881663
1850 10434163
1900 11001663
1950 11584163
2000 12181663
2050 12794190
2100 13422140
2150 14065090
2200 14723040
2250 15395990
2300 16083940
2350 16786890
2400 17504840
2450 18237790
2500 18985740
2550 19748690
2600 20526640
2650 21319590
2700 22127540
2750 22950490
2800 23788440
2850 24641390
2900 25509340
2950 26392290
3000 27290240
3050 28203190
3100 29131140
3150 30074090
3200 31032040
3250 32004990
3300 32992940
3350 33995890
3400 35013840
3450 36046790
3500 37094740
3550 38157690
3600 39235640
3650 40328590
3700 41436540
3750 42559490
3800 43697440
3850 44850390
3900 46018340
3950 47201290
4000 48399240
4050 49612190
4100 50840185
Ncount_sort
100 38801
150 39751
200 40701
250 41651
300 42601
350 43551
400 44501
450 45451
500 46401
550 47351
600 48301
650 49251
700 50201
750 51151
800 52101
850 53051
900 54001
950 54951
1000 55901
1050 56851
1100 57801
1150 58751
1200 59701
1250 60651
1300 61601
1350 62551
1400 63501
1450 64451
1500 65401
1550 66351
1600 67301
1650 68251
1700 69201
1750 70151
1800 71101
1850 72051
1900 73001
1950 73951
2000 74901
2050 75851
2100 76801
2150 77751
2200 78701
2250 79651
2300 80601
2350 81551
2400 82501
2450 83451
2500 84401
2550 85351
2600 86301
2650 87251
2700 88201
2750 89151
2800 90101
2850 91051
2900 92001
2950 92951
3000 93901
3050 94851
3100 95801
3150 96751
3200 97701
3250 98651
3300 99601
3350 100551
3400 101501
3450 102451
3500 103401
3550 104351
3600 105301
3650 106251
3700 107201
3750 108151
3800 109101
3850 110051
3900 111001
3950 111951
4000 112901
4050 113851
4100 114801
Nradix_sort
100 12304
150 18304
200 24304
250 30304
300 36304
350 42304
400 48304
450 54304
500 60304
550 66304
600 72304
650 78304
700 84304
750 90304
800 96304
850 102304
900 108304
950 114304
1000 120304
1050 126304
1100 132304
1150 138304
1200 144304
1250 150304
1300 156304
1350 162304
1400 168304
1450 174304
1500 180304
1550 186304
1600 192304
1650 198304
1700 204304
1750 210304
1800 216304
1850 222304
1900 228304
1950 234304
2000 240304
2050 246304
2100 252304
2150 258304
2200 264304
2250 270304
2300 276304
2350 282304
2400 288304
2450 294304
2500 300304
2550 306304
2600 312304
2650 318304
2700 324304
2750 330304
2800 336304
2850 342304
2900 348304
2950 354304
3000 360304
3050 366304
3100 372304
3150 378304
3200 384304
3250 390304
3300 396304
3350 402304
3400 408304
3450 414304
3500 420304
3550 426304
3600 432304
3650 438304
3700 444304
3750 450304
3800 456304
3850 462304
3900 468304
3950 474304
4000 480304
4050 486304
4100 492304
Nmerge_sort
100 253384689
150 253418130
200 253467713
250 253533957
300 253617294
350 253718888
400 253838772
450 253976871
500 254133257
550 254308242
600 254502993
650 254717768
700 254952423
750 255207105
800 255481619
850 255775938
900 256090251
950 256424369
1000 256778418
1050 257152596
1100 257547671
1150 257964477
1200 258402816
1250 258862829
1300 259344411
1350 259847538
1400 260372357
1450 260918703
1500 261486720
1550 262076174
1600 262686996
1650 263319333
1700 263973275
1750 264648741
1800 265345809
1850 266064230
1900 266804334
1950 267565869
2000 268348976
2050 269153721
2100 269980224
2150 270830030
2200 271703058
2250 272599332
2300 273519050
2350 274461882
2400 275427930
2450 276417236
2500 277429851
2550 278465835
2600 279524765
2650 280606947
2700 281712417
2750 282841109
2800 283993128
2850 285168189
2900 286366514
2950 287588172
3000 288833019
3050 290101139
3100 291392253
3150 292706364
3200 294043808
3250 295404291
3300 296788062
3350 298195058
3400 299625132
3450 301078323
3500 302554823
3550 304054512
3600 305577342
3650 307123058
3700 308692077
3750 310284156
3800 311899598
3850 313538184
3900 315199746
3950 316884581
4000 318592521
4050 320323812
4100 322078319
Nquick_sort
100 3503349740
150 3503405423
200 3503511936
250 3503688423
300 3503953268
350 3504318432
400 3504804807
450 3505414069
500 3506183056
550 3507110276
600 3508231830
650 3509538153
700 3511056327
750 3512813176
800 3514809478
850 3517037978
900 3519574773
950 3522439194
1000 3525609446
1050 3529148464
1100 3533086111
1150 3537392964
1200 3542066999
1250 3547150728
1300 3552629867
1350 3558546615
1400 3564889898
1450 3571748304
1500 3579075637
1550 3586959896
1600 3595346763
1650 3604250783
1700 3613697954
1750 3623715219
1800 3634310644
1850 3645561703
1900 3657422698
1950 3669887869
2000 3682968625
2050 3696692610
2100 3711119927
2150 3726205427
2200 3742109696
2250 3758802915
2300 3776338447
2350 3794620080
2400 3813647813
2450 3833530808
2500 3854140071
2550 3875617739
2600 3898064708
2650 3921178160
2700 3945155679
2750 3970013337
2800 3995810426
2850 4022625055
2900 4050371487
2950 4079022078
3000 4108838946
3050 4139620058
3100 4171241911
3150 4204001303
3200 4237648049
3250 4272413570
3300 4308391577
3350 4345353767
3400 4383534405
3450 4422764722
3500 4463216226
3550 4504795278
3600 4547558283
3650 4591637118
3700 4637059211
3750 4683674575
3800 4731590179
3850 4780749921
3900 4831276053
3950 4883134093
4000 4936348123
4050 4990836264
4100 5046561044
Nheap_sort
100 303287763
150 303325307
200 303381880
250 303458564
300 303556151
350 303675939
400 303817976
450 303982598
500 304169591
550 304379313
600 304613131
650 304869791
700 305152073
750 305459492
800 305790722
850 306146706
900 306528553
950 306934840
1000 307365578
1050 307822495
1100 308304963
1150 308814234
1200 309350270
1250 309913545
1300 310505038
1350 311120673
1400 311764188
1450 312433704
1500 313133416
1550 313858118
1600 314610374
1650 315388445
1700 316195548
1750 317028162
1800 317889196
1850 318776817
1900 319695700
1950 320638226
2000 321609465
2050 322606915
2100 323634858
2150 324687054
2200 325770796
2250 326882722
2300 328026637
2350 329196235
2400 330396788
2450 331624884
2500 332882731
2550 334167649
2600 335483054
2650 336829775
2700 338206001
2750 339609862
2800 341041769
2850 342503540
2900 343994705
2950 345513258
3000 347062843
3050 348642733
3100 350253246
3150 351889987
3200 353559257
3250 355257910
3300 356985042
3350 358741242
3400 360528387
3450 362346768
3500 364195734
3550 366071187
3600 367977402
3650 369913771
3700 371878342
3750 373872801
3800 375898809
3850 377955353
3900 380041736
3950 382154050
4000 384299616
4050 386474705
4100 388678937
Nshell_sort
100 4997
150 8869
200 12012
250 15861
300 20710
350 24794
400 27991
450 32662
500 36608
550 42777
600 47359
650 52787
700 56531
750 60472
800 63910
850 68362
900 74239
950 77714
1000 82991
1050 91270
1100 96532
1150 104329
1200 106702
1250 112907
1300 118534
1350 121931
1400 127014
1450 131064
1500 135925
1550 138323
1600 143817
1650 154314
1700 153629
1750 157801
1800 166516
1850 170155
1900 174391
1950 181814
2000 185844
2050 198477
2100 203455
2150 217300
2200 215015
2250 226802
2300 231390
2350 232417
2400 237313
2450 246850
2500 250704
2550 251405
2600 263103
2650 267409
2700 270644
2750 276697
2800 282019
2850 287612
2900 291035
2950 297433
3000 301618
3050 306523
3100 307566
3150 327009
3200 319526
3250 336271
3300 341277
3350 344795
3400 341160
3450 354923
3500 350508
3550 355732
3600 368617
3650 372190
3700 377204
3750 381652
3800 386724
3850 398035
3900 402323
3950 400196
4000 411463
4050 416681
4100 438030
Ncyurania_sequence
100 4923
150 8032
200 10852
250 15085
300 17905
350 22625
400 24733
450 29019
500 33908
550 39103
600 42237
650 47756
700 49774
750 53998
800 57194
850 61533
900 65350
950 70445
1000 73281
1050 79546
1100 82337
1150 87639
1200 90970
1250 100520
1300 107703
1350 114112
1400 111827
1450 120054
1500 122773
1550 129497
1600 126024
1650 134557
1700 141344
1750 146754
1800 149607
1850 151524
1900 151677
1950 163287
2000 167139
2050 171855
2100 174654
2150 182808
2200 186471
2250 190368
2300 192771
2350 197784
2400 204381
2450 207198
2500 210312
2550 214812
2600 219240
2650 223956
2700 230634
2750 233577
2800 242847
2850 246105
2900 252369
2950 256032
3000 270675
3050 280413
3100 289593
3150 283104
3200 295362
3250 297945
3300 307458
3350 298152
3400 311616
3450 322110
3500 330012
3550 331713
3600 331389
3650 327087
3700 346401
3750 348939
3800 354861
3850 354654
3900 368280
3950 370305
4000 372978
4050 371547
4100 377451
