Nselection_sort
100 30293
200 120493
300 270693
400 480893
500 751093
600 1081293
700 1471493
800 1921693
900 2432005
1000 3002205
1100 3632405
1200 4322605
1300 5072805
1400 5883005
1500 6753205
1600 7683405
1700 8673717
1800 9723917
1900 10834117
2000 12004317
2100 13234517
2200 14524717
2300 15874917
2400 17285117
2500 18755422
2600 20285622
2700 21875822
2800 23526022
2900 25236222
3000 27006422
3100 28836622
3200 30726822
3300 32677148
3400 34687348
3500 36757548
3600 38887748
3700 41077948
3800 43328148
3900 45638348
4000 48008548
4100 50438860
Nbubble_sort
100 30084
200 120084
300 270084
400 480084
500 750084
600 1080084
700 1470084
800 1920084
900 2430180
1000 3000180
1100 3630180
1200 4320180
1300 5070180
1400 5880180
1500 6750180
1600 7680180
1700 8670276
1800 9720276
1900 10830276
2000 12000276
2100 13230276
2200 14520276
2300 15870276
2400 17280276
2500 18750366
2600 20280366
2700 21870366
2800 23520366
2900 25230366
3000 27000366
3100 28830366
3200 30720366
3300 32670474
3400 34680474
3500 36750474
3600 38880474
3700 41070474
3800 43320474
3900 45630474
4000 48000474
4100 50430570
Nbubble_iverson1
100 1290
200 2490
300 3690
400 4890
500 6090
600 7290
700 8490
800 9690
900 11002
1000 12202
1100 13402
1200 14602
1300 15802
1400 17002
1500 18202
1600 19402
1700 20714
1800 21914
1900 23114
2000 24314
2100 25514
2200 26714
2300 27914
2400 29114
2500 30419
2600 31619
2700 32819
2800 34019
2900 35219
3000 36419
3100 37619
3200 38819
3300 40145
3400 41345
3500 42545
3600 43745
3700 44945
3800 46145
3900 47345
4000 48545
4100 49857
Nbubble_iverson2
100 965
200 1565
300 2165
400 2765
500 3365
600 3965
700 4565
800 5165
900 10645
1000 11245
1100 11845
1200 12445
1300 13045
1400 13645
1500 14245
1600 14845
1700 20325
1800 20925
1900 21525
2000 22125
2100 22725
2200 23325
2300 23925
2400 24525
2500 30000
2600 30600
2700 31200
2800 31800
2900 32400
3000 33000
3100 33600
3200 34200
3300 39690
3400 40290
3500 40890
3600 41490
3700 42090
3800 42690
3900 43290
4000 43890
4100 49370
Ninsertion_sort
100 1413
200 2713
300 4013
400 5313
500 6613
600 7913
700 9213
800 10513
900 11957
1000 13257
1100 14557
1200 15857
1300 17157
1400 18457
1500 19757
1600 21057
1700 22501
1800 23801
1900 25101
2000 26401
2100 27701
2200 29001
2300 30301
2400 31601
2500 33036
2600 34336
2700 35636
2800 36936
2900 38236
3000 39536
3100 40836
3200 42136
3300 43598
3400 44898
3500 46198
3600 47498
3700 48798
3800 50098
3900 51398
4000 52698
4100 54142
Nbinary_insertion_sort
100 6804
200 15301
300 24533
400 34170
500 43828
600 54245
700 64770
800 75244
900 85856
1000 96438
1100 107641
1200 119078
1300 130500
1400 141883
1500 153281
1600 164874
1700 176470
1800 188018
1900 199524
2000 211072
2100 223061
2200 235410
2300 247672
2400 259949
2500 272337
2600 284695
2700 297014
2800 309345
2900 321634
3000 333926
3100 346305
3200 358729
3300 371195
3400 383661
3500 396127
3600 408509
3700 420849
3800 433315
3900 445679
4000 458115
4100 470665
Ncount_sort
100 38801
200 40701
300 42601
400 44501
500 46401
600 48301
700 50201
800 52101
900 54001
1000 55901
1100 57801
1200 59701
1300 61601
1400 63501
1500 65401
1600 67301
1700 69201
1800 71101
1900 73001
2000 74901
2100 76801
2200 78701
2300 80601
2400 82501
2500 84401
2600 86301
2700 88201
2800 90101
2900 92001
3000 93901
3100 95801
3200 97701
3300 99601
3400 101501
3500 103401
3600 105301
3700 107201
3800 109101
3900 111001
4000 112901
4100 114801
Nradix_sort
100 12304
200 24304
300 36304
400 48304
500 60304
600 72304
700 84304
800 96304
900 108304
1000 120304
1100 132304
1200 144304
1300 156304
1400 168304
1500 180304
1600 192304
1700 204304
1800 216304
1900 228304
2000 240304
2100 252304
2200 264304
2300 276304
2400 288304
2500 300304
2600 312304
2700 324304
2800 336304
2900 348304
3000 360304
3100 372304
3200 384304
3300 396304
3400 408304
3500 420304
3600 432304
3700 444304
3800 456304
3900 468304
4000 480304
4100 492304
Nmerge_sort
100 217816336
200 217858163
300 217933486
400 218044405
500 218191601
600 218376808
700 218601928
800 218866847
900 219171391
1000 219515317
1100 219900281
1200 220328440
1300 220800019
1400 221314814
1500 221872663
1600 222473479
1700 223117391
1800 223804153
1900 224533606
2000 225305582
2100 226121182
2200 226982866
2300 227891585
2400 228847201
2500 229849627
2600 230898578
2700 231994156
2800 233136250
2900 234324710
3000 235559338
3100 236839942
3200 238166903
3300 239540473
3400 240960472
3500 242426684
3600 243938758
3700 245496826
3800 247100993
3900 248750932
4000 250446466
4100 252187346
Nquick_sort
100 2635150952
200 2635241503
300 2635475857
400 2635926446
500 2636667135
600 2637772178
700 2639315473
800 2641368870
900 2644003341
1000 2647293200
1100 2651312819
1200 2656135620
1300 2661834967
1400 2668484278
1500 2676158861
1600 2684933698
1700 2694878116
1800 2706062326
1900 2718558744
2000 2732439628
2100 2747776698
2200 2764641450
2300 2783105934
2400 2803243590
2500 2825126581
2600 2848825854
2700 2874412987
2800 2901961320
2900 2931544055
3000 2963235826
3100 2997112245
3200 3033245674
3300 3071705880
3400 3112564816
3500 3155893952
3600 3201764758
3700 3250250732
3800 3301425844
3900 3355362756
4000 3412135257
4100 3471814851
Nheap_sort
100 256204171
200 256256573
300 256352422
400 256494655
500 256684684
600 256924798
700 257216977
800 257561506
900 257958583
1000 258408197
1100 258912332
1200 259473495
1300 260091992
1400 260767639
1500 261500291
1600 262289814
1700 263136833
1800 264041790
1900 265004527
2000 266024446
2100 267102872
2200 268242170
2300 269444009
2400 270708279
2500 272034725
2600 273423460
2700 274874262
2800 276387372
2900 277963090
3000 279601634
3100 281302252
3200 283065252
3300 284890884
3400 286778370
3500 288728376
3600 290740986
3700 292816081
3800 294953859
3900 297154606
4000 299417840
4100 301743193
Nshell_sort
100 3623
200 8526
300 14836
400 19729
500 24650
600 33739
700 39353
800 44932
900 50635
1000 56249
1100 69538
1200 75838
1300 82138
1400 88452
1500 94759
1600 101031
1700 107441
1800 113734
1900 120055
2000 126348
2100 147337
2200 154337
2300 161358
2400 168337
2500 175434
2600 182427
2700 189434
2800 196441
2900 203441
3000 210448
3100 217434
3200 224420
3300 231549
3400 238542
3500 245556
3600 252535
3700 259556
3800 266556
3900 273563
4000 280549
4100 316320
Ncyurania_sequence
100 2988
200 6964
300 11164
400 16057
500 20957
600 25857
700 30757
800 36350
900 42094
1000 47694
1100 53294
1200 58894
1300 64494
1400 70094
1500 75694
1600 81294
1700 87038
1800 92988
1900 99288
2000 105588
2100 111888
2200 118188
2300 124488
2400 130788
2500 137223
2600 143523
2700 149823
2800 156123
2900 162423
3000 168723
3100 175023
3200 181323
3300 187785
3400 194085
3500 200385
3600 206685
3700 212985
3800 219285
3900 225585
4000 231885
4100 238329
