RandomZeroToFive
100 30832
200 121699
300 272548
400 483466
500 754280
600 1085101
700 1475996
800 1926833
900 2437688
1000 3008554
1100 3639466
1200 4330267
1300 5081063
1400 5891942
1500 6762669
1600 7693529
1700 8684337
1800 9735258
1900 10846094
2000 12016886
2100 13247796
2200 14538593
2300 15889509
2400 17300367
2500 18771191
2600 20301966
2700 21892717
2800 23543574
2900 25254405
3000 27025189
3100 28856129
3200 30746928
3300 32697687
3400 34708500
3500 36779431
3600 38910172
3700 41101026
3800 43351906
3900 45662720
4000 48033648
4100 50464449
RandomZeroToFourThousand
100 31071
200 122273
300 273619
400 484884
500 756396
600 1087701
700 1479101
800 1930578
900 2441786
1000 3013498
1100 3645095
1200 4336451
1300 5087910
1400 5899377
1500 6770698
1600 7702362
1700 8693947
1800 9745498
1900 10856613
2000 12028350
2100 13259560
2200 14550794
2300 15903163
2400 17313988
2500 18785449
2600 20317288
2700 21908329
2800 23560138
2900 25272046
3000 27043701
3100 28875214
3200 30767007
3300 32717984
3400 34729205
3500 36801067
3600 38931994
3700 41123824
3800 43374999
3900 45686569
4000 48058135
4100 50489288
RandomAlmostSorted
100 30293
200 120493
300 270693
400 480893
500 751093
600 1081293
700 1471493
800 1921693
900 2432005
1000 3002205
1100 3632405
1200 4322605
1300 5072805
1400 5883005
1500 6753205
1600 7683405
1700 8673717
1800 9723917
1900 10834117
2000 12004317
2100 13234517
2200 14524717
2300 15874917
2400 17285117
2500 18755422
2600 20285622
2700 21875822
2800 23526022
2900 25236222
3000 27006422
3100 28836622
3200 30726822
3300 32677148
3400 34687348
3500 36757548
3600 38887748
3700 41077948
3800 43328148
3900 45638348
4000 48008548
4100 50438860
RandomReverseOrder
100 32092
200 127484
300 286724
400 509545
500 795218
600 1143486
700 1554030
800 2027522
900 2563289
1000 3162808
1100 3826252
1200 4553421
1300 5343653
1400 6197840
1500 7115096
1600 8095869
1700 9140009
1800 10247292
1900 11417423
2000 12650425
2100 13945527
2200 15303575
2300 16725255
2400 18210050
2500 19758337
2600 21369346
2700 23042969
2800 24779064
2900 26579272
3000 28442075
3100 30367892
3200 32356496
3300 34408193
3400 36522632
3500 38699980
3600 40940820
3700 43244936
3800 45612497
3900 48043231
4000 50537800
4100 53095768
