RandomZeroToFive
100 4451
200 10764
300 17998
400 25075
500 30314
600 40753
700 47201
800 58642
900 65881
1000 69197
1100 81868
1200 92584
1300 99340
1400 105732
1500 111973
1600 131481
1700 126809
1800 139588
1900 141901
2000 153450
2100 173437
2200 181013
2300 187968
2400 206923
2500 210864
2600 220263
2700 223946
2800 236209
2900 238079
3000 246886
3100 257640
3200 294410
3300 272307
3400 282840
3500 286266
3600 308767
3700 302570
3800 313320
3900 319691
4000 346435
4100 393234
RandomZeroToFourThousand
100 5975
200 14520
300 23836
400 34501
500 44588
600 58789
700 66173
800 83350
900 105373
1000 102131
1100 118174
1200 136768
1300 149884
1400 156342
1500 168439
1600 200007
1700 204467
1800 237436
1900 222337
2000 237732
2100 281029
2200 283583
2300 285774
2400 322597
2500 324978
2600 341973
2700 350876
2800 359041
2900 371483
3000 388420
3100 491394
3200 496298
3300 427605
3400 472272
3500 463698
3600 541441
3700 531614
3800 513210
3900 501791
4000 555673
4100 907434
RandomAlmostSorted
100 3623
200 8526
300 14836
400 19729
500 24650
600 33739
700 39353
800 44932
900 50635
1000 56249
1100 69538
1200 75838
1300 82138
1400 88452
1500 94759
1600 101031
1700 107441
1800 113734
1900 120055
2000 126348
2100 147337
2200 154337
2300 161358
2400 168337
2500 175434
2600 182427
2700 189434
2800 196441
2900 203441
3000 210448
3100 217434
3200 224420
3300 231549
3400 238542
3500 245556
3600 252535
3700 259556
3800 266556
3900 273563
4000 280549
4100 316320
RandomReverseOrder
100 4997
200 12012
300 20710
400 27991
500 36608
600 47359
700 56531
800 63910
900 74239
1000 82991
1100 96532
1200 106702
1300 118534
1400 127014
1500 135925
1600 143817
1700 153629
1800 166516
1900 174391
2000 185844
2100 203455
2200 215015
2300 231390
2400 237313
2500 250704
2600 263103
2700 270644
2800 282019
2900 291035
3000 301618
3100 307566
3200 319526
3300 341277
3400 341160
3500 350508
3600 368617
3700 377204
3800 386724
3900 402323
4000 411463
4100 438030
